{
 "cells": [
  {
   "cell_type": "markdown",
   "id": "9e6910cc-7208-4963-ae0a-86bdd4bb5141",
   "metadata": {},
   "source": [
    "# Gnina rescore with docked ligand"
   ]
  },
  {
   "cell_type": "markdown",
   "id": "be0314e6-4bf7-49d0-a026-9bf060636e31",
   "metadata": {},
   "source": [
    "## Setup"
   ]
  },
  {
   "cell_type": "code",
   "execution_count": 109,
   "id": "d0fa5558-c672-413b-9bb4-315189af1c5d",
   "metadata": {},
   "outputs": [],
   "source": [
    "from kdock.core import Data\n",
    "from kdock.gnina_rescore import *\n",
    "import pandas as pd, numpy as np"
   ]
  },
  {
   "cell_type": "markdown",
   "id": "ad3d5015-d752-4aee-a64b-daef339f53c1",
   "metadata": {},
   "source": [
    "## Rescore"
   ]
  },
  {
   "cell_type": "markdown",
   "id": "653d12cc-a17f-486b-91a6-fd2f4b18f651",
   "metadata": {},
   "source": [
    "Get folder that contains the AF3 .cif files"
   ]
  },
  {
   "cell_type": "code",
   "execution_count": null,
   "id": "8232f05b-7421-4c02-b8b8-baa942f33cb3",
   "metadata": {},
   "outputs": [],
   "source": [
    "df = get_gnina_rescore_folder('~/mirati_structure')"
   ]
  },
  {
   "cell_type": "code",
   "execution_count": 95,
   "id": "1799dc14-b710-4378-9922-f8e16bddeb59",
   "metadata": {},
   "outputs": [],
   "source": [
    "df.ID = df.ID.str[:-15]"
   ]
  },
  {
   "cell_type": "markdown",
   "id": "ea241079-d5ea-4784-abfd-611331af3e4a",
   "metadata": {},
   "source": [
    "## Merge with target"
   ]
  },
  {
   "cell_type": "code",
   "execution_count": 98,
   "id": "38cf2874-ba64-49dd-aaea-59400a1d9e0b",
   "metadata": {},
   "outputs": [],
   "source": [
    "target = Data.get_mirati_g12d()"
   ]
  },
  {
   "cell_type": "code",
   "execution_count": 100,
   "id": "77a8d9a6-09be-4d8a-a5b6-d14c4178027a",
   "metadata": {},
   "outputs": [],
   "source": [
    "target.ID=target.ID.str.lower()"
   ]
  },
  {
   "cell_type": "code",
   "execution_count": 110,
   "id": "efd79cc8-0f83-4e3d-960a-c5cc621413a0",
   "metadata": {},
   "outputs": [],
   "source": [
    "target['log_Kd'] = np.log(target['Kd'] + 1e-5)\n",
    "target['log_IC50'] = np.log(target['IC50'] + 1e-5)\n",
    "target['log_erk_IC50'] = np.log(target['erk_IC50'] + 1e-5)"
   ]
  },
  {
   "cell_type": "code",
   "execution_count": 111,
   "id": "d90f555e-3cb9-44b0-b0fb-fe096dae47b9",
   "metadata": {},
   "outputs": [],
   "source": [
    "out =target.merge(df)"
   ]
  },
  {
   "cell_type": "code",
   "execution_count": 107,
   "id": "9a85e480-9282-4887-81c7-aee24314cd19",
   "metadata": {},
   "outputs": [
    {
     "data": {
      "text/html": [
       "<div>\n",
       "<style scoped>\n",
       "    .dataframe tbody tr th:only-of-type {\n",
       "        vertical-align: middle;\n",
       "    }\n",
       "\n",
       "    .dataframe tbody tr th {\n",
       "        vertical-align: top;\n",
       "    }\n",
       "\n",
       "    .dataframe thead th {\n",
       "        text-align: right;\n",
       "    }\n",
       "</style>\n",
       "<table border=\"1\" class=\"dataframe\">\n",
       "  <thead>\n",
       "    <tr style=\"text-align: right;\">\n",
       "      <th></th>\n",
       "      <th>ID</th>\n",
       "      <th>SMILES</th>\n",
       "      <th>Kd</th>\n",
       "      <th>IC50</th>\n",
       "      <th>erk_IC50</th>\n",
       "    </tr>\n",
       "  </thead>\n",
       "  <tbody>\n",
       "    <tr>\n",
       "      <th>0</th>\n",
       "      <td>us_1</td>\n",
       "      <td>CN1CCC[C@H]1COc1nc(N2CC3CCC(C2)N3)c2cnc(cc2n1)...</td>\n",
       "      <td>97.7</td>\n",
       "      <td>124.7</td>\n",
       "      <td>3159.1</td>\n",
       "    </tr>\n",
       "    <tr>\n",
       "      <th>1</th>\n",
       "      <td>us_4</td>\n",
       "      <td>Oc1cc(-c2ncc3c(nc(OCCc4ccccn4)nc3c2F)N2CC3CCC(...</td>\n",
       "      <td>155.7</td>\n",
       "      <td>496.2</td>\n",
       "      <td>8530.0</td>\n",
       "    </tr>\n",
       "    <tr>\n",
       "      <th>2</th>\n",
       "      <td>us_5</td>\n",
       "      <td>Cn1nccc1COc1nc(N2CC3CCC(C2)N3)c2cnc(c(F)c2n1)-...</td>\n",
       "      <td>294.8</td>\n",
       "      <td>722.9</td>\n",
       "      <td>8193.8</td>\n",
       "    </tr>\n",
       "    <tr>\n",
       "      <th>3</th>\n",
       "      <td>us_6</td>\n",
       "      <td>Cc1cccnc1CCOc1nc(N2CC3CCC(C2)N3)c2cnc(c(F)c2n1...</td>\n",
       "      <td>442.2</td>\n",
       "      <td>434.1</td>\n",
       "      <td>11518.2</td>\n",
       "    </tr>\n",
       "    <tr>\n",
       "      <th>4</th>\n",
       "      <td>us_7</td>\n",
       "      <td>Oc1cc(-c2ncc3c(nc(OCCc4ncccn4)nc3c2F)N2CC3CCC(...</td>\n",
       "      <td>463.5</td>\n",
       "      <td>1867.3</td>\n",
       "      <td>NaN</td>\n",
       "    </tr>\n",
       "    <tr>\n",
       "      <th>...</th>\n",
       "      <td>...</td>\n",
       "      <td>...</td>\n",
       "      <td>...</td>\n",
       "      <td>...</td>\n",
       "      <td>...</td>\n",
       "    </tr>\n",
       "    <tr>\n",
       "      <th>655</th>\n",
       "      <td>paper_23</td>\n",
       "      <td>FC1=C(C2=C(C=CC=C3)C3=CC(O)=C2)N=CC4=C1N=C(OCC...</td>\n",
       "      <td>NaN</td>\n",
       "      <td>750.5</td>\n",
       "      <td>10000.0</td>\n",
       "    </tr>\n",
       "    <tr>\n",
       "      <th>656</th>\n",
       "      <td>paper_22</td>\n",
       "      <td>FC1=C(C2=C(C=CC=C3)C3=CC(O)=C2)N=CC4=C1N=C(OCC...</td>\n",
       "      <td>NaN</td>\n",
       "      <td>12.0</td>\n",
       "      <td>650.0</td>\n",
       "    </tr>\n",
       "    <tr>\n",
       "      <th>657</th>\n",
       "      <td>paper_35</td>\n",
       "      <td>FC1=C(C2=C(C(F)=C(F)C=C3)C3=CC=C2)N=CC4=C1N=C(...</td>\n",
       "      <td>NaN</td>\n",
       "      <td>7.0</td>\n",
       "      <td>97.0</td>\n",
       "    </tr>\n",
       "    <tr>\n",
       "      <th>658</th>\n",
       "      <td>us_56</td>\n",
       "      <td>OC[C@@H](O)COc1nc(N2CC3CCC(C2)N3)c2cnc(c(F)c2n...</td>\n",
       "      <td>13805.3</td>\n",
       "      <td>6024.0</td>\n",
       "      <td>NaN</td>\n",
       "    </tr>\n",
       "    <tr>\n",
       "      <th>659</th>\n",
       "      <td>us_66</td>\n",
       "      <td>Fc1c(ncc2c(nc(OC[C@@]34CCCN3C(CCl)CC4)nc12)N1C...</td>\n",
       "      <td>NaN</td>\n",
       "      <td>273.8</td>\n",
       "      <td>1332.6</td>\n",
       "    </tr>\n",
       "  </tbody>\n",
       "</table>\n",
       "<p>660 rows × 5 columns</p>\n",
       "</div>"
      ],
      "text/plain": [
       "           ID                                             SMILES       Kd  \\\n",
       "0        us_1  CN1CCC[C@H]1COc1nc(N2CC3CCC(C2)N3)c2cnc(cc2n1)...     97.7   \n",
       "1        us_4  Oc1cc(-c2ncc3c(nc(OCCc4ccccn4)nc3c2F)N2CC3CCC(...    155.7   \n",
       "2        us_5  Cn1nccc1COc1nc(N2CC3CCC(C2)N3)c2cnc(c(F)c2n1)-...    294.8   \n",
       "3        us_6  Cc1cccnc1CCOc1nc(N2CC3CCC(C2)N3)c2cnc(c(F)c2n1...    442.2   \n",
       "4        us_7  Oc1cc(-c2ncc3c(nc(OCCc4ncccn4)nc3c2F)N2CC3CCC(...    463.5   \n",
       "..        ...                                                ...      ...   \n",
       "655  paper_23  FC1=C(C2=C(C=CC=C3)C3=CC(O)=C2)N=CC4=C1N=C(OCC...      NaN   \n",
       "656  paper_22  FC1=C(C2=C(C=CC=C3)C3=CC(O)=C2)N=CC4=C1N=C(OCC...      NaN   \n",
       "657  paper_35  FC1=C(C2=C(C(F)=C(F)C=C3)C3=CC=C2)N=CC4=C1N=C(...      NaN   \n",
       "658     us_56  OC[C@@H](O)COc1nc(N2CC3CCC(C2)N3)c2cnc(c(F)c2n...  13805.3   \n",
       "659     us_66  Fc1c(ncc2c(nc(OC[C@@]34CCCN3C(CCl)CC4)nc12)N1C...      NaN   \n",
       "\n",
       "       IC50  erk_IC50  \n",
       "0     124.7    3159.1  \n",
       "1     496.2    8530.0  \n",
       "2     722.9    8193.8  \n",
       "3     434.1   11518.2  \n",
       "4    1867.3       NaN  \n",
       "..      ...       ...  \n",
       "655   750.5   10000.0  \n",
       "656    12.0     650.0  \n",
       "657     7.0      97.0  \n",
       "658  6024.0       NaN  \n",
       "659   273.8    1332.6  \n",
       "\n",
       "[660 rows x 5 columns]"
      ]
     },
     "execution_count": 107,
     "metadata": {},
     "output_type": "execute_result"
    }
   ],
   "source": [
    "target"
   ]
  },
  {
   "cell_type": "code",
   "execution_count": 114,
   "id": "cdc07d3e-495c-4c3a-a04d-6970cab8362c",
   "metadata": {},
   "outputs": [],
   "source": [
    "# out.to_csv('ssss.csv',index=False)"
   ]
  },
  {
   "cell_type": "markdown",
   "id": "da1d5e45-354c-4778-884a-fe5e32dfee77",
   "metadata": {},
   "source": [
    "## Correlation"
   ]
  },
  {
   "cell_type": "code",
   "execution_count": 113,
   "id": "cf982d33-33b9-4bda-9770-b1d2133bb4b4",
   "metadata": {},
   "outputs": [
    {
     "data": {
      "text/html": [
       "<div>\n",
       "<style scoped>\n",
       "    .dataframe tbody tr th:only-of-type {\n",
       "        vertical-align: middle;\n",
       "    }\n",
       "\n",
       "    .dataframe tbody tr th {\n",
       "        vertical-align: top;\n",
       "    }\n",
       "\n",
       "    .dataframe thead th {\n",
       "        text-align: right;\n",
       "    }\n",
       "</style>\n",
       "<table border=\"1\" class=\"dataframe\">\n",
       "  <thead>\n",
       "    <tr style=\"text-align: right;\">\n",
       "      <th></th>\n",
       "      <th>Kd</th>\n",
       "      <th>IC50</th>\n",
       "      <th>erk_IC50</th>\n",
       "      <th>log_Kd</th>\n",
       "      <th>log_IC50</th>\n",
       "      <th>log_erk_IC50</th>\n",
       "      <th>binding_energy</th>\n",
       "      <th>uncertainty</th>\n",
       "      <th>RMSD</th>\n",
       "      <th>CNNscore</th>\n",
       "      <th>CNNaffinity</th>\n",
       "      <th>CNNvariance</th>\n",
       "    </tr>\n",
       "  </thead>\n",
       "  <tbody>\n",
       "    <tr>\n",
       "      <th>Kd</th>\n",
       "      <td>1.000000</td>\n",
       "      <td>0.137290</td>\n",
       "      <td>-0.088274</td>\n",
       "      <td>0.567310</td>\n",
       "      <td>0.081667</td>\n",
       "      <td>-0.167722</td>\n",
       "      <td>0.057419</td>\n",
       "      <td>-0.018275</td>\n",
       "      <td>-0.024215</td>\n",
       "      <td>-0.013420</td>\n",
       "      <td>-0.074127</td>\n",
       "      <td>-0.006572</td>\n",
       "    </tr>\n",
       "    <tr>\n",
       "      <th>IC50</th>\n",
       "      <td>0.137290</td>\n",
       "      <td>1.000000</td>\n",
       "      <td>0.379993</td>\n",
       "      <td>0.409676</td>\n",
       "      <td>0.405385</td>\n",
       "      <td>0.242495</td>\n",
       "      <td>0.053732</td>\n",
       "      <td>0.043736</td>\n",
       "      <td>0.004029</td>\n",
       "      <td>-0.022743</td>\n",
       "      <td>-0.113720</td>\n",
       "      <td>-0.013407</td>\n",
       "    </tr>\n",
       "    <tr>\n",
       "      <th>erk_IC50</th>\n",
       "      <td>-0.088274</td>\n",
       "      <td>0.379993</td>\n",
       "      <td>1.000000</td>\n",
       "      <td>0.340125</td>\n",
       "      <td>0.712639</td>\n",
       "      <td>0.734366</td>\n",
       "      <td>0.021735</td>\n",
       "      <td>0.180512</td>\n",
       "      <td>-0.053734</td>\n",
       "      <td>-0.035309</td>\n",
       "      <td>-0.087744</td>\n",
       "      <td>0.108684</td>\n",
       "    </tr>\n",
       "    <tr>\n",
       "      <th>log_Kd</th>\n",
       "      <td>0.567310</td>\n",
       "      <td>0.409676</td>\n",
       "      <td>0.340125</td>\n",
       "      <td>1.000000</td>\n",
       "      <td>0.685839</td>\n",
       "      <td>0.489439</td>\n",
       "      <td>0.248538</td>\n",
       "      <td>-0.040339</td>\n",
       "      <td>0.127363</td>\n",
       "      <td>-0.250781</td>\n",
       "      <td>-0.268039</td>\n",
       "      <td>0.116238</td>\n",
       "    </tr>\n",
       "    <tr>\n",
       "      <th>log_IC50</th>\n",
       "      <td>0.081667</td>\n",
       "      <td>0.405385</td>\n",
       "      <td>0.712639</td>\n",
       "      <td>0.685839</td>\n",
       "      <td>1.000000</td>\n",
       "      <td>0.782773</td>\n",
       "      <td>0.122679</td>\n",
       "      <td>0.226303</td>\n",
       "      <td>0.032245</td>\n",
       "      <td>-0.132452</td>\n",
       "      <td>-0.224498</td>\n",
       "      <td>0.141299</td>\n",
       "    </tr>\n",
       "    <tr>\n",
       "      <th>log_erk_IC50</th>\n",
       "      <td>-0.167722</td>\n",
       "      <td>0.242495</td>\n",
       "      <td>0.734366</td>\n",
       "      <td>0.489439</td>\n",
       "      <td>0.782773</td>\n",
       "      <td>1.000000</td>\n",
       "      <td>0.104519</td>\n",
       "      <td>0.182658</td>\n",
       "      <td>-0.024072</td>\n",
       "      <td>-0.106300</td>\n",
       "      <td>-0.181381</td>\n",
       "      <td>0.160417</td>\n",
       "    </tr>\n",
       "    <tr>\n",
       "      <th>binding_energy</th>\n",
       "      <td>0.057419</td>\n",
       "      <td>0.053732</td>\n",
       "      <td>0.021735</td>\n",
       "      <td>0.248538</td>\n",
       "      <td>0.122679</td>\n",
       "      <td>0.104519</td>\n",
       "      <td>1.000000</td>\n",
       "      <td>-0.446689</td>\n",
       "      <td>0.585530</td>\n",
       "      <td>-0.693636</td>\n",
       "      <td>-0.759297</td>\n",
       "      <td>0.548717</td>\n",
       "    </tr>\n",
       "    <tr>\n",
       "      <th>uncertainty</th>\n",
       "      <td>-0.018275</td>\n",
       "      <td>0.043736</td>\n",
       "      <td>0.180512</td>\n",
       "      <td>-0.040339</td>\n",
       "      <td>0.226303</td>\n",
       "      <td>0.182658</td>\n",
       "      <td>-0.446689</td>\n",
       "      <td>1.000000</td>\n",
       "      <td>-0.341865</td>\n",
       "      <td>0.440134</td>\n",
       "      <td>0.352636</td>\n",
       "      <td>-0.149078</td>\n",
       "    </tr>\n",
       "    <tr>\n",
       "      <th>RMSD</th>\n",
       "      <td>-0.024215</td>\n",
       "      <td>0.004029</td>\n",
       "      <td>-0.053734</td>\n",
       "      <td>0.127363</td>\n",
       "      <td>0.032245</td>\n",
       "      <td>-0.024072</td>\n",
       "      <td>0.585530</td>\n",
       "      <td>-0.341865</td>\n",
       "      <td>1.000000</td>\n",
       "      <td>-0.532004</td>\n",
       "      <td>-0.522074</td>\n",
       "      <td>0.296449</td>\n",
       "    </tr>\n",
       "    <tr>\n",
       "      <th>CNNscore</th>\n",
       "      <td>-0.013420</td>\n",
       "      <td>-0.022743</td>\n",
       "      <td>-0.035309</td>\n",
       "      <td>-0.250781</td>\n",
       "      <td>-0.132452</td>\n",
       "      <td>-0.106300</td>\n",
       "      <td>-0.693636</td>\n",
       "      <td>0.440134</td>\n",
       "      <td>-0.532004</td>\n",
       "      <td>1.000000</td>\n",
       "      <td>0.714560</td>\n",
       "      <td>-0.317445</td>\n",
       "    </tr>\n",
       "    <tr>\n",
       "      <th>CNNaffinity</th>\n",
       "      <td>-0.074127</td>\n",
       "      <td>-0.113720</td>\n",
       "      <td>-0.087744</td>\n",
       "      <td>-0.268039</td>\n",
       "      <td>-0.224498</td>\n",
       "      <td>-0.181381</td>\n",
       "      <td>-0.759297</td>\n",
       "      <td>0.352636</td>\n",
       "      <td>-0.522074</td>\n",
       "      <td>0.714560</td>\n",
       "      <td>1.000000</td>\n",
       "      <td>-0.195504</td>\n",
       "    </tr>\n",
       "    <tr>\n",
       "      <th>CNNvariance</th>\n",
       "      <td>-0.006572</td>\n",
       "      <td>-0.013407</td>\n",
       "      <td>0.108684</td>\n",
       "      <td>0.116238</td>\n",
       "      <td>0.141299</td>\n",
       "      <td>0.160417</td>\n",
       "      <td>0.548717</td>\n",
       "      <td>-0.149078</td>\n",
       "      <td>0.296449</td>\n",
       "      <td>-0.317445</td>\n",
       "      <td>-0.195504</td>\n",
       "      <td>1.000000</td>\n",
       "    </tr>\n",
       "  </tbody>\n",
       "</table>\n",
       "</div>"
      ],
      "text/plain": [
       "                      Kd      IC50  erk_IC50    log_Kd  log_IC50  \\\n",
       "Kd              1.000000  0.137290 -0.088274  0.567310  0.081667   \n",
       "IC50            0.137290  1.000000  0.379993  0.409676  0.405385   \n",
       "erk_IC50       -0.088274  0.379993  1.000000  0.340125  0.712639   \n",
       "log_Kd          0.567310  0.409676  0.340125  1.000000  0.685839   \n",
       "log_IC50        0.081667  0.405385  0.712639  0.685839  1.000000   \n",
       "log_erk_IC50   -0.167722  0.242495  0.734366  0.489439  0.782773   \n",
       "binding_energy  0.057419  0.053732  0.021735  0.248538  0.122679   \n",
       "uncertainty    -0.018275  0.043736  0.180512 -0.040339  0.226303   \n",
       "RMSD           -0.024215  0.004029 -0.053734  0.127363  0.032245   \n",
       "CNNscore       -0.013420 -0.022743 -0.035309 -0.250781 -0.132452   \n",
       "CNNaffinity    -0.074127 -0.113720 -0.087744 -0.268039 -0.224498   \n",
       "CNNvariance    -0.006572 -0.013407  0.108684  0.116238  0.141299   \n",
       "\n",
       "                log_erk_IC50  binding_energy  uncertainty      RMSD  CNNscore  \\\n",
       "Kd                 -0.167722        0.057419    -0.018275 -0.024215 -0.013420   \n",
       "IC50                0.242495        0.053732     0.043736  0.004029 -0.022743   \n",
       "erk_IC50            0.734366        0.021735     0.180512 -0.053734 -0.035309   \n",
       "log_Kd              0.489439        0.248538    -0.040339  0.127363 -0.250781   \n",
       "log_IC50            0.782773        0.122679     0.226303  0.032245 -0.132452   \n",
       "log_erk_IC50        1.000000        0.104519     0.182658 -0.024072 -0.106300   \n",
       "binding_energy      0.104519        1.000000    -0.446689  0.585530 -0.693636   \n",
       "uncertainty         0.182658       -0.446689     1.000000 -0.341865  0.440134   \n",
       "RMSD               -0.024072        0.585530    -0.341865  1.000000 -0.532004   \n",
       "CNNscore           -0.106300       -0.693636     0.440134 -0.532004  1.000000   \n",
       "CNNaffinity        -0.181381       -0.759297     0.352636 -0.522074  0.714560   \n",
       "CNNvariance         0.160417        0.548717    -0.149078  0.296449 -0.317445   \n",
       "\n",
       "                CNNaffinity  CNNvariance  \n",
       "Kd                -0.074127    -0.006572  \n",
       "IC50              -0.113720    -0.013407  \n",
       "erk_IC50          -0.087744     0.108684  \n",
       "log_Kd            -0.268039     0.116238  \n",
       "log_IC50          -0.224498     0.141299  \n",
       "log_erk_IC50      -0.181381     0.160417  \n",
       "binding_energy    -0.759297     0.548717  \n",
       "uncertainty        0.352636    -0.149078  \n",
       "RMSD              -0.522074     0.296449  \n",
       "CNNscore           0.714560    -0.317445  \n",
       "CNNaffinity        1.000000    -0.195504  \n",
       "CNNvariance       -0.195504     1.000000  "
      ]
     },
     "execution_count": 113,
     "metadata": {},
     "output_type": "execute_result"
    }
   ],
   "source": [
    "out.corr(numeric_only=True)"
   ]
  },
  {
   "cell_type": "code",
   "execution_count": 106,
   "id": "541d8959-e380-496e-8e06-73499ecd261a",
   "metadata": {},
   "outputs": [
    {
     "data": {
      "text/html": [
       "<div>\n",
       "<style scoped>\n",
       "    .dataframe tbody tr th:only-of-type {\n",
       "        vertical-align: middle;\n",
       "    }\n",
       "\n",
       "    .dataframe tbody tr th {\n",
       "        vertical-align: top;\n",
       "    }\n",
       "\n",
       "    .dataframe thead th {\n",
       "        text-align: right;\n",
       "    }\n",
       "</style>\n",
       "<table border=\"1\" class=\"dataframe\">\n",
       "  <thead>\n",
       "    <tr style=\"text-align: right;\">\n",
       "      <th></th>\n",
       "      <th>Kd</th>\n",
       "      <th>IC50</th>\n",
       "      <th>erk_IC50</th>\n",
       "      <th>binding_energy</th>\n",
       "      <th>uncertainty</th>\n",
       "      <th>RMSD</th>\n",
       "      <th>CNNscore</th>\n",
       "      <th>CNNaffinity</th>\n",
       "      <th>CNNvariance</th>\n",
       "    </tr>\n",
       "  </thead>\n",
       "  <tbody>\n",
       "    <tr>\n",
       "      <th>Kd</th>\n",
       "      <td>1.000000</td>\n",
       "      <td>0.770684</td>\n",
       "      <td>0.484753</td>\n",
       "      <td>0.307595</td>\n",
       "      <td>-0.041586</td>\n",
       "      <td>0.198397</td>\n",
       "      <td>-0.318074</td>\n",
       "      <td>-0.343751</td>\n",
       "      <td>0.173958</td>\n",
       "    </tr>\n",
       "    <tr>\n",
       "      <th>IC50</th>\n",
       "      <td>0.770684</td>\n",
       "      <td>1.000000</td>\n",
       "      <td>0.821105</td>\n",
       "      <td>0.214860</td>\n",
       "      <td>0.201848</td>\n",
       "      <td>0.019858</td>\n",
       "      <td>-0.164505</td>\n",
       "      <td>-0.355147</td>\n",
       "      <td>0.205119</td>\n",
       "    </tr>\n",
       "    <tr>\n",
       "      <th>erk_IC50</th>\n",
       "      <td>0.484753</td>\n",
       "      <td>0.821105</td>\n",
       "      <td>1.000000</td>\n",
       "      <td>0.150561</td>\n",
       "      <td>0.201548</td>\n",
       "      <td>-0.023826</td>\n",
       "      <td>-0.118687</td>\n",
       "      <td>-0.287123</td>\n",
       "      <td>0.202999</td>\n",
       "    </tr>\n",
       "    <tr>\n",
       "      <th>binding_energy</th>\n",
       "      <td>0.307595</td>\n",
       "      <td>0.214860</td>\n",
       "      <td>0.150561</td>\n",
       "      <td>1.000000</td>\n",
       "      <td>-0.317127</td>\n",
       "      <td>0.642633</td>\n",
       "      <td>-0.723730</td>\n",
       "      <td>-0.723106</td>\n",
       "      <td>0.457403</td>\n",
       "    </tr>\n",
       "    <tr>\n",
       "      <th>uncertainty</th>\n",
       "      <td>-0.041586</td>\n",
       "      <td>0.201848</td>\n",
       "      <td>0.201548</td>\n",
       "      <td>-0.317127</td>\n",
       "      <td>1.000000</td>\n",
       "      <td>-0.290202</td>\n",
       "      <td>0.329470</td>\n",
       "      <td>0.111949</td>\n",
       "      <td>-0.021203</td>\n",
       "    </tr>\n",
       "    <tr>\n",
       "      <th>RMSD</th>\n",
       "      <td>0.198397</td>\n",
       "      <td>0.019858</td>\n",
       "      <td>-0.023826</td>\n",
       "      <td>0.642633</td>\n",
       "      <td>-0.290202</td>\n",
       "      <td>1.000000</td>\n",
       "      <td>-0.664650</td>\n",
       "      <td>-0.442909</td>\n",
       "      <td>0.441766</td>\n",
       "    </tr>\n",
       "    <tr>\n",
       "      <th>CNNscore</th>\n",
       "      <td>-0.318074</td>\n",
       "      <td>-0.164505</td>\n",
       "      <td>-0.118687</td>\n",
       "      <td>-0.723730</td>\n",
       "      <td>0.329470</td>\n",
       "      <td>-0.664650</td>\n",
       "      <td>1.000000</td>\n",
       "      <td>0.635484</td>\n",
       "      <td>-0.412043</td>\n",
       "    </tr>\n",
       "    <tr>\n",
       "      <th>CNNaffinity</th>\n",
       "      <td>-0.343751</td>\n",
       "      <td>-0.355147</td>\n",
       "      <td>-0.287123</td>\n",
       "      <td>-0.723106</td>\n",
       "      <td>0.111949</td>\n",
       "      <td>-0.442909</td>\n",
       "      <td>0.635484</td>\n",
       "      <td>1.000000</td>\n",
       "      <td>-0.269412</td>\n",
       "    </tr>\n",
       "    <tr>\n",
       "      <th>CNNvariance</th>\n",
       "      <td>0.173958</td>\n",
       "      <td>0.205119</td>\n",
       "      <td>0.202999</td>\n",
       "      <td>0.457403</td>\n",
       "      <td>-0.021203</td>\n",
       "      <td>0.441766</td>\n",
       "      <td>-0.412043</td>\n",
       "      <td>-0.269412</td>\n",
       "      <td>1.000000</td>\n",
       "    </tr>\n",
       "  </tbody>\n",
       "</table>\n",
       "</div>"
      ],
      "text/plain": [
       "                      Kd      IC50  erk_IC50  binding_energy  uncertainty  \\\n",
       "Kd              1.000000  0.770684  0.484753        0.307595    -0.041586   \n",
       "IC50            0.770684  1.000000  0.821105        0.214860     0.201848   \n",
       "erk_IC50        0.484753  0.821105  1.000000        0.150561     0.201548   \n",
       "binding_energy  0.307595  0.214860  0.150561        1.000000    -0.317127   \n",
       "uncertainty    -0.041586  0.201848  0.201548       -0.317127     1.000000   \n",
       "RMSD            0.198397  0.019858 -0.023826        0.642633    -0.290202   \n",
       "CNNscore       -0.318074 -0.164505 -0.118687       -0.723730     0.329470   \n",
       "CNNaffinity    -0.343751 -0.355147 -0.287123       -0.723106     0.111949   \n",
       "CNNvariance     0.173958  0.205119  0.202999        0.457403    -0.021203   \n",
       "\n",
       "                    RMSD  CNNscore  CNNaffinity  CNNvariance  \n",
       "Kd              0.198397 -0.318074    -0.343751     0.173958  \n",
       "IC50            0.019858 -0.164505    -0.355147     0.205119  \n",
       "erk_IC50       -0.023826 -0.118687    -0.287123     0.202999  \n",
       "binding_energy  0.642633 -0.723730    -0.723106     0.457403  \n",
       "uncertainty    -0.290202  0.329470     0.111949    -0.021203  \n",
       "RMSD            1.000000 -0.664650    -0.442909     0.441766  \n",
       "CNNscore       -0.664650  1.000000     0.635484    -0.412043  \n",
       "CNNaffinity    -0.442909  0.635484     1.000000    -0.269412  \n",
       "CNNvariance     0.441766 -0.412043    -0.269412     1.000000  "
      ]
     },
     "execution_count": 106,
     "metadata": {},
     "output_type": "execute_result"
    }
   ],
   "source": [
    "out.corr('spearman',numeric_only=True)"
   ]
  }
 ],
 "metadata": {
  "kernelspec": {
   "display_name": "Python 3",
   "language": "python",
   "name": "python3"
  },
  "language_info": {
   "codemirror_mode": {
    "name": "ipython",
    "version": 3
   },
   "file_extension": ".py",
   "mimetype": "text/x-python",
   "name": "python",
   "nbconvert_exporter": "python",
   "pygments_lexer": "ipython3",
   "version": "3.10.10"
  }
 },
 "nbformat": 4,
 "nbformat_minor": 5
}
