{
 "cells": [
  {
   "cell_type": "raw",
   "id": "9d0becde-0917-44dd-82dc-ca9dc0a7a983",
   "metadata": {},
   "source": [
    "---\n",
    "skip_showdoc: true\n",
    "skip_exec: true\n",
    "---"
   ]
  },
  {
   "cell_type": "markdown",
   "id": "9e6910cc-7208-4963-ae0a-86bdd4bb5141",
   "metadata": {},
   "source": [
    "# Gnina rescore with docked ligand"
   ]
  },
  {
   "cell_type": "markdown",
   "id": "be0314e6-4bf7-49d0-a026-9bf060636e31",
   "metadata": {},
   "source": [
    "## Setup"
   ]
  },
  {
   "cell_type": "code",
   "execution_count": 1,
   "id": "d0fa5558-c672-413b-9bb4-315189af1c5d",
   "metadata": {},
   "outputs": [],
   "source": [
    "from kdock.core import Data\n",
    "from kdock.gnina_dock import *\n",
    "from kdock.gnina_rescore import *\n",
    "import pandas as pd, numpy as np"
   ]
  },
  {
   "cell_type": "code",
   "execution_count": 3,
   "id": "a62b9aa1-fdcd-4d52-9131-5a0827548ab4",
   "metadata": {},
   "outputs": [
    {
     "name": "stdout",
     "output_type": "stream",
     "text": [
      "Reading package lists...\n",
      "Building dependency tree...\n",
      "Reading state information...\n",
      "openbabel is already the newest version (3.0.0+dfsg-3ubuntu3).\n",
      "0 upgraded, 0 newly installed, 0 to remove and 6 not upgraded.\n",
      "Downloading v1.1 gnina\n",
      "Finish setup!\n"
     ]
    }
   ],
   "source": [
    "# setup_gnina_local('v1.1') # <= v1.1 allows cpu environment"
   ]
  },
  {
   "cell_type": "code",
   "execution_count": null,
   "id": "fb191e37-79ea-4b75-b742-f44ee96b7355",
   "metadata": {},
   "outputs": [
    {
     "name": "stdout",
     "output_type": "stream",
     "text": [
      "Pulling GNINA Docker image: gnina/gnina\n",
      "GNINA Docker image is ready.\n"
     ]
    }
   ],
   "source": [
    "# setup_gnina_docker()"
   ]
  },
  {
   "cell_type": "markdown",
   "id": "ad3d5015-d752-4aee-a64b-daef339f53c1",
   "metadata": {},
   "source": [
    "## Rescore"
   ]
  },
  {
   "cell_type": "markdown",
   "id": "653d12cc-a17f-486b-91a6-fd2f4b18f651",
   "metadata": {},
   "source": [
    "Get folder that contains the AF3 .cif files"
   ]
  },
  {
   "cell_type": "markdown",
   "id": "b64f3736-10a2-415f-bc59-3a209a047eb4",
   "metadata": {},
   "source": [
    "### local ./gnina "
   ]
  },
  {
   "cell_type": "code",
   "execution_count": null,
   "id": "b766f25d-78be-49d7-a7ca-4a65b01b9ed7",
   "metadata": {},
   "outputs": [
    {
     "data": {
      "application/vnd.jupyter.widget-view+json": {
       "model_id": "6dbd2fb951b54ecfaf61183a172f5b27",
       "version_major": 2,
       "version_minor": 0
      },
      "text/plain": [
       "  0%|          | 0/660 [00:00<?, ?it/s]"
      ]
     },
     "metadata": {},
     "output_type": "display_data"
    },
    {
     "name": "stdout",
     "output_type": "stream",
     "text": [
      "CPU times: user 1.19 s, sys: 257 ms, total: 1.44 s\n",
      "Wall time: 21min 55s\n"
     ]
    }
   ],
   "source": [
    "%%time\n",
    "df = get_gnina_rescore_folder('~/mirati_structure',\n",
    "                              rec_chain_id='A',\n",
    "                              lig_chain_id='L',\n",
    "                             )"
   ]
  },
  {
   "cell_type": "markdown",
   "id": "c2e9d41e-53b4-43c7-b35b-6f1eaf24fd85",
   "metadata": {},
   "source": [
    "if vinardo score only:"
   ]
  },
  {
   "cell_type": "code",
   "execution_count": null,
   "id": "aa09499b-ae33-4115-8f27-f190a21a6eba",
   "metadata": {},
   "outputs": [],
   "source": [
    "%%time\n",
    "df = get_gnina_rescore_folder('~/mirati_structure',\n",
    "                              rec_chain_id='A',\n",
    "                              lig_chain_id='L',\n",
    "                              CNN_affinity=False,\n",
    "                              vinardo=True,\n",
    "                             )"
   ]
  },
  {
   "cell_type": "markdown",
   "id": "2f5e232a-5aaf-4beb-9a15-940c280cf9ce",
   "metadata": {},
   "source": [
    "### Docker gnina (latest)"
   ]
  },
  {
   "cell_type": "code",
   "execution_count": null,
   "id": "1df8d31e-dcba-4d7e-abff-8be3a338b670",
   "metadata": {},
   "outputs": [],
   "source": [
    "%%time\n",
    "df = get_gnina_rescore_folder('~/mirati_structure',\n",
    "                              rec_chain_id='A',\n",
    "                              lig_chain_id='L',\n",
    "                              is_local=False)"
   ]
  },
  {
   "cell_type": "markdown",
   "id": "ea241079-d5ea-4784-abfd-611331af3e4a",
   "metadata": {},
   "source": [
    "## Merge with target"
   ]
  },
  {
   "cell_type": "code",
   "execution_count": null,
   "id": "1799dc14-b710-4378-9922-f8e16bddeb59",
   "metadata": {},
   "outputs": [],
   "source": [
    "df.ID = df.ID.str[:-15]"
   ]
  },
  {
   "cell_type": "code",
   "execution_count": null,
   "id": "38cf2874-ba64-49dd-aaea-59400a1d9e0b",
   "metadata": {},
   "outputs": [],
   "source": [
    "target = Data.get_mirati_g12d()"
   ]
  },
  {
   "cell_type": "code",
   "execution_count": null,
   "id": "77a8d9a6-09be-4d8a-a5b6-d14c4178027a",
   "metadata": {},
   "outputs": [],
   "source": [
    "target.ID=target.ID.str.lower()"
   ]
  },
  {
   "cell_type": "code",
   "execution_count": null,
   "id": "efd79cc8-0f83-4e3d-960a-c5cc621413a0",
   "metadata": {},
   "outputs": [],
   "source": [
    "target['log_Kd'] = np.log(target['Kd'] + 1e-5)\n",
    "target['log_IC50'] = np.log(target['IC50'] + 1e-5)\n",
    "target['log_erk_IC50'] = np.log(target['erk_IC50'] + 1e-5)"
   ]
  },
  {
   "cell_type": "code",
   "execution_count": null,
   "id": "d90f555e-3cb9-44b0-b0fb-fe096dae47b9",
   "metadata": {},
   "outputs": [],
   "source": [
    "out =target.merge(df)"
   ]
  },
  {
   "cell_type": "code",
   "execution_count": null,
   "id": "9a85e480-9282-4887-81c7-aee24314cd19",
   "metadata": {},
   "outputs": [
    {
     "data": {
      "text/html": [
       "<div>\n",
       "<style scoped>\n",
       "    .dataframe tbody tr th:only-of-type {\n",
       "        vertical-align: middle;\n",
       "    }\n",
       "\n",
       "    .dataframe tbody tr th {\n",
       "        vertical-align: top;\n",
       "    }\n",
       "\n",
       "    .dataframe thead th {\n",
       "        text-align: right;\n",
       "    }\n",
       "</style>\n",
       "<table border=\"1\" class=\"dataframe\">\n",
       "  <thead>\n",
       "    <tr style=\"text-align: right;\">\n",
       "      <th></th>\n",
       "      <th>ID</th>\n",
       "      <th>SMILES</th>\n",
       "      <th>Kd</th>\n",
       "      <th>IC50</th>\n",
       "      <th>erk_IC50</th>\n",
       "      <th>log_Kd</th>\n",
       "      <th>log_IC50</th>\n",
       "      <th>log_erk_IC50</th>\n",
       "      <th>binding_energy</th>\n",
       "      <th>uncertainty</th>\n",
       "      <th>RMSD</th>\n",
       "      <th>CNNscore</th>\n",
       "      <th>CNNaffinity</th>\n",
       "      <th>CNNvariance</th>\n",
       "    </tr>\n",
       "  </thead>\n",
       "  <tbody>\n",
       "    <tr>\n",
       "      <th>0</th>\n",
       "      <td>us_1</td>\n",
       "      <td>CN1CCC[C@H]1COc1nc(N2CC3CCC(C2)N3)c2cnc(cc2n1)...</td>\n",
       "      <td>97.7</td>\n",
       "      <td>124.7</td>\n",
       "      <td>3159.1</td>\n",
       "      <td>4.581902</td>\n",
       "      <td>4.825911</td>\n",
       "      <td>8.058042</td>\n",
       "      <td>-13.02696</td>\n",
       "      <td>-0.30852</td>\n",
       "      <td>0.88857</td>\n",
       "      <td>0.67440</td>\n",
       "      <td>7.76933</td>\n",
       "      <td>0.23841</td>\n",
       "    </tr>\n",
       "    <tr>\n",
       "      <th>1</th>\n",
       "      <td>us_4</td>\n",
       "      <td>Oc1cc(-c2ncc3c(nc(OCCc4ccccn4)nc3c2F)N2CC3CCC(...</td>\n",
       "      <td>155.7</td>\n",
       "      <td>496.2</td>\n",
       "      <td>8530.0</td>\n",
       "      <td>5.047931</td>\n",
       "      <td>6.206979</td>\n",
       "      <td>9.051345</td>\n",
       "      <td>-11.44830</td>\n",
       "      <td>-0.70801</td>\n",
       "      <td>1.01023</td>\n",
       "      <td>0.67062</td>\n",
       "      <td>7.98086</td>\n",
       "      <td>0.29582</td>\n",
       "    </tr>\n",
       "    <tr>\n",
       "      <th>2</th>\n",
       "      <td>us_5</td>\n",
       "      <td>Cn1nccc1COc1nc(N2CC3CCC(C2)N3)c2cnc(c(F)c2n1)-...</td>\n",
       "      <td>294.8</td>\n",
       "      <td>722.9</td>\n",
       "      <td>8193.8</td>\n",
       "      <td>5.686297</td>\n",
       "      <td>6.583271</td>\n",
       "      <td>9.011133</td>\n",
       "      <td>-7.58041</td>\n",
       "      <td>-1.00321</td>\n",
       "      <td>0.91650</td>\n",
       "      <td>0.48476</td>\n",
       "      <td>7.27615</td>\n",
       "      <td>0.59758</td>\n",
       "    </tr>\n",
       "    <tr>\n",
       "      <th>3</th>\n",
       "      <td>us_6</td>\n",
       "      <td>Cc1cccnc1CCOc1nc(N2CC3CCC(C2)N3)c2cnc(c(F)c2n1...</td>\n",
       "      <td>442.2</td>\n",
       "      <td>434.1</td>\n",
       "      <td>11518.2</td>\n",
       "      <td>6.091762</td>\n",
       "      <td>6.073275</td>\n",
       "      <td>9.351684</td>\n",
       "      <td>-7.00049</td>\n",
       "      <td>-1.53471</td>\n",
       "      <td>4.55312</td>\n",
       "      <td>0.54943</td>\n",
       "      <td>6.14055</td>\n",
       "      <td>0.24137</td>\n",
       "    </tr>\n",
       "    <tr>\n",
       "      <th>4</th>\n",
       "      <td>us_7</td>\n",
       "      <td>Oc1cc(-c2ncc3c(nc(OCCc4ncccn4)nc3c2F)N2CC3CCC(...</td>\n",
       "      <td>463.5</td>\n",
       "      <td>1867.3</td>\n",
       "      <td>NaN</td>\n",
       "      <td>6.138806</td>\n",
       "      <td>7.532249</td>\n",
       "      <td>NaN</td>\n",
       "      <td>-13.12053</td>\n",
       "      <td>-0.93447</td>\n",
       "      <td>0.28536</td>\n",
       "      <td>0.71432</td>\n",
       "      <td>7.42845</td>\n",
       "      <td>0.04068</td>\n",
       "    </tr>\n",
       "  </tbody>\n",
       "</table>\n",
       "</div>"
      ],
      "text/plain": [
       "     ID                                             SMILES     Kd    IC50  \\\n",
       "0  us_1  CN1CCC[C@H]1COc1nc(N2CC3CCC(C2)N3)c2cnc(cc2n1)...   97.7   124.7   \n",
       "1  us_4  Oc1cc(-c2ncc3c(nc(OCCc4ccccn4)nc3c2F)N2CC3CCC(...  155.7   496.2   \n",
       "2  us_5  Cn1nccc1COc1nc(N2CC3CCC(C2)N3)c2cnc(c(F)c2n1)-...  294.8   722.9   \n",
       "3  us_6  Cc1cccnc1CCOc1nc(N2CC3CCC(C2)N3)c2cnc(c(F)c2n1...  442.2   434.1   \n",
       "4  us_7  Oc1cc(-c2ncc3c(nc(OCCc4ncccn4)nc3c2F)N2CC3CCC(...  463.5  1867.3   \n",
       "\n",
       "   erk_IC50    log_Kd  log_IC50  log_erk_IC50  binding_energy  uncertainty  \\\n",
       "0    3159.1  4.581902  4.825911      8.058042       -13.02696     -0.30852   \n",
       "1    8530.0  5.047931  6.206979      9.051345       -11.44830     -0.70801   \n",
       "2    8193.8  5.686297  6.583271      9.011133        -7.58041     -1.00321   \n",
       "3   11518.2  6.091762  6.073275      9.351684        -7.00049     -1.53471   \n",
       "4       NaN  6.138806  7.532249           NaN       -13.12053     -0.93447   \n",
       "\n",
       "      RMSD  CNNscore  CNNaffinity  CNNvariance  \n",
       "0  0.88857   0.67440      7.76933      0.23841  \n",
       "1  1.01023   0.67062      7.98086      0.29582  \n",
       "2  0.91650   0.48476      7.27615      0.59758  \n",
       "3  4.55312   0.54943      6.14055      0.24137  \n",
       "4  0.28536   0.71432      7.42845      0.04068  "
      ]
     },
     "execution_count": null,
     "metadata": {},
     "output_type": "execute_result"
    }
   ],
   "source": [
    "out.head()"
   ]
  },
  {
   "cell_type": "code",
   "execution_count": null,
   "id": "cdc07d3e-495c-4c3a-a04d-6970cab8362c",
   "metadata": {},
   "outputs": [],
   "source": [
    "out.to_csv('mirati_gnina_v1_1.csv',index=False)"
   ]
  },
  {
   "cell_type": "markdown",
   "id": "85407ffb-641a-4a11-9997-8ee27461c03f",
   "metadata": {},
   "source": [
    "## Merge with AF score "
   ]
  },
  {
   "cell_type": "code",
   "execution_count": null,
   "id": "ae863eea-160f-4a34-b0ed-c8c05fd71590",
   "metadata": {},
   "outputs": [],
   "source": [
    "df=pd.read_csv('mirati_gnina_rescore_v1_3.csv')"
   ]
  },
  {
   "cell_type": "code",
   "execution_count": null,
   "id": "78a03ca0-96fe-4050-9a8b-2a255434fa05",
   "metadata": {},
   "outputs": [],
   "source": [
    "af = pd.read_csv('AF3_mirati_660.csv')"
   ]
  },
  {
   "cell_type": "code",
   "execution_count": null,
   "id": "b4727149-33c0-424f-8185-20b58f17f1b0",
   "metadata": {},
   "outputs": [],
   "source": [
    "cols = ['ID','chain_pair_pae_min_0_1',\n",
    "       'chain_pair_pae_min_1_0', 'chain_pair_pae_min_1_1', 'chain_ptm_0',\n",
    "       'chain_ptm_1', 'fraction_disordered', 'iptm', 'ptm', 'ranking_score',\n",
    "       'iptm_ptm_add', 'chain_pair_pae_min_add', 'iptm_rnk', 'ptm_rnk',\n",
    "       'iptm_ptm_rnk_add', 'chain_pair_pae_min_add_rnk', 'iptm_pae_add_rnk']"
   ]
  },
  {
   "cell_type": "code",
   "execution_count": null,
   "id": "b412b115-6edf-4325-95bd-49a667d228c0",
   "metadata": {},
   "outputs": [],
   "source": [
    "af = af[cols]"
   ]
  },
  {
   "cell_type": "code",
   "execution_count": null,
   "id": "da574cfc-a09b-4f7d-beab-409b95e1df62",
   "metadata": {},
   "outputs": [],
   "source": [
    "df = df.merge(af)"
   ]
  },
  {
   "cell_type": "code",
   "execution_count": null,
   "id": "1a6ad049-f22c-4cc7-9c92-7692c0fa68c2",
   "metadata": {},
   "outputs": [],
   "source": [
    "df.to_csv('mirati_gnina_v1_3_af.csv',index=False)"
   ]
  },
  {
   "cell_type": "markdown",
   "id": "da1d5e45-354c-4778-884a-fe5e32dfee77",
   "metadata": {},
   "source": [
    "## Correlation"
   ]
  },
  {
   "cell_type": "code",
   "execution_count": null,
   "id": "cf982d33-33b9-4bda-9770-b1d2133bb4b4",
   "metadata": {},
   "outputs": [
    {
     "data": {
      "text/html": [
       "<div>\n",
       "<style scoped>\n",
       "    .dataframe tbody tr th:only-of-type {\n",
       "        vertical-align: middle;\n",
       "    }\n",
       "\n",
       "    .dataframe tbody tr th {\n",
       "        vertical-align: top;\n",
       "    }\n",
       "\n",
       "    .dataframe thead th {\n",
       "        text-align: right;\n",
       "    }\n",
       "</style>\n",
       "<table border=\"1\" class=\"dataframe\">\n",
       "  <thead>\n",
       "    <tr style=\"text-align: right;\">\n",
       "      <th></th>\n",
       "      <th>Kd</th>\n",
       "      <th>IC50</th>\n",
       "      <th>erk_IC50</th>\n",
       "      <th>log_Kd</th>\n",
       "      <th>log_IC50</th>\n",
       "      <th>log_erk_IC50</th>\n",
       "      <th>binding_energy</th>\n",
       "      <th>uncertainty</th>\n",
       "      <th>RMSD</th>\n",
       "      <th>CNNscore</th>\n",
       "      <th>CNNaffinity</th>\n",
       "      <th>CNNvariance</th>\n",
       "    </tr>\n",
       "  </thead>\n",
       "  <tbody>\n",
       "    <tr>\n",
       "      <th>Kd</th>\n",
       "      <td>1.000000</td>\n",
       "      <td>0.137290</td>\n",
       "      <td>-0.088274</td>\n",
       "      <td>0.567310</td>\n",
       "      <td>0.081667</td>\n",
       "      <td>-0.167722</td>\n",
       "      <td>0.057558</td>\n",
       "      <td>-0.017178</td>\n",
       "      <td>-0.025133</td>\n",
       "      <td>-0.048843</td>\n",
       "      <td>-0.050384</td>\n",
       "      <td>0.025814</td>\n",
       "    </tr>\n",
       "    <tr>\n",
       "      <th>IC50</th>\n",
       "      <td>0.137290</td>\n",
       "      <td>1.000000</td>\n",
       "      <td>0.379993</td>\n",
       "      <td>0.409676</td>\n",
       "      <td>0.405385</td>\n",
       "      <td>0.242495</td>\n",
       "      <td>0.053759</td>\n",
       "      <td>0.043837</td>\n",
       "      <td>0.004114</td>\n",
       "      <td>-0.018452</td>\n",
       "      <td>-0.084494</td>\n",
       "      <td>-0.056643</td>\n",
       "    </tr>\n",
       "    <tr>\n",
       "      <th>erk_IC50</th>\n",
       "      <td>-0.088274</td>\n",
       "      <td>0.379993</td>\n",
       "      <td>1.000000</td>\n",
       "      <td>0.340125</td>\n",
       "      <td>0.712639</td>\n",
       "      <td>0.734366</td>\n",
       "      <td>0.021087</td>\n",
       "      <td>0.178889</td>\n",
       "      <td>-0.048670</td>\n",
       "      <td>0.003114</td>\n",
       "      <td>-0.090038</td>\n",
       "      <td>-0.111960</td>\n",
       "    </tr>\n",
       "    <tr>\n",
       "      <th>log_Kd</th>\n",
       "      <td>0.567310</td>\n",
       "      <td>0.409676</td>\n",
       "      <td>0.340125</td>\n",
       "      <td>1.000000</td>\n",
       "      <td>0.685839</td>\n",
       "      <td>0.489439</td>\n",
       "      <td>0.248571</td>\n",
       "      <td>-0.040234</td>\n",
       "      <td>0.127425</td>\n",
       "      <td>-0.239114</td>\n",
       "      <td>-0.297084</td>\n",
       "      <td>-0.032168</td>\n",
       "    </tr>\n",
       "    <tr>\n",
       "      <th>log_IC50</th>\n",
       "      <td>0.081667</td>\n",
       "      <td>0.405385</td>\n",
       "      <td>0.712639</td>\n",
       "      <td>0.685839</td>\n",
       "      <td>1.000000</td>\n",
       "      <td>0.782773</td>\n",
       "      <td>0.122564</td>\n",
       "      <td>0.225565</td>\n",
       "      <td>0.034728</td>\n",
       "      <td>-0.102558</td>\n",
       "      <td>-0.241604</td>\n",
       "      <td>-0.134573</td>\n",
       "    </tr>\n",
       "    <tr>\n",
       "      <th>log_erk_IC50</th>\n",
       "      <td>-0.167722</td>\n",
       "      <td>0.242495</td>\n",
       "      <td>0.734366</td>\n",
       "      <td>0.489439</td>\n",
       "      <td>0.782773</td>\n",
       "      <td>1.000000</td>\n",
       "      <td>0.104046</td>\n",
       "      <td>0.180925</td>\n",
       "      <td>-0.018172</td>\n",
       "      <td>-0.056561</td>\n",
       "      <td>-0.203590</td>\n",
       "      <td>-0.102189</td>\n",
       "    </tr>\n",
       "    <tr>\n",
       "      <th>binding_energy</th>\n",
       "      <td>0.057558</td>\n",
       "      <td>0.053759</td>\n",
       "      <td>0.021087</td>\n",
       "      <td>0.248571</td>\n",
       "      <td>0.122564</td>\n",
       "      <td>0.104046</td>\n",
       "      <td>1.000000</td>\n",
       "      <td>-0.446761</td>\n",
       "      <td>0.585579</td>\n",
       "      <td>-0.605980</td>\n",
       "      <td>-0.719846</td>\n",
       "      <td>0.146693</td>\n",
       "    </tr>\n",
       "    <tr>\n",
       "      <th>uncertainty</th>\n",
       "      <td>-0.017178</td>\n",
       "      <td>0.043837</td>\n",
       "      <td>0.178889</td>\n",
       "      <td>-0.040234</td>\n",
       "      <td>0.225565</td>\n",
       "      <td>0.180925</td>\n",
       "      <td>-0.446761</td>\n",
       "      <td>1.000000</td>\n",
       "      <td>-0.340409</td>\n",
       "      <td>0.415752</td>\n",
       "      <td>0.292460</td>\n",
       "      <td>-0.295152</td>\n",
       "    </tr>\n",
       "    <tr>\n",
       "      <th>RMSD</th>\n",
       "      <td>-0.025133</td>\n",
       "      <td>0.004114</td>\n",
       "      <td>-0.048670</td>\n",
       "      <td>0.127425</td>\n",
       "      <td>0.034728</td>\n",
       "      <td>-0.018172</td>\n",
       "      <td>0.585579</td>\n",
       "      <td>-0.340409</td>\n",
       "      <td>1.000000</td>\n",
       "      <td>-0.502661</td>\n",
       "      <td>-0.567085</td>\n",
       "      <td>0.241297</td>\n",
       "    </tr>\n",
       "    <tr>\n",
       "      <th>CNNscore</th>\n",
       "      <td>-0.048843</td>\n",
       "      <td>-0.018452</td>\n",
       "      <td>0.003114</td>\n",
       "      <td>-0.239114</td>\n",
       "      <td>-0.102558</td>\n",
       "      <td>-0.056561</td>\n",
       "      <td>-0.605980</td>\n",
       "      <td>0.415752</td>\n",
       "      <td>-0.502661</td>\n",
       "      <td>1.000000</td>\n",
       "      <td>0.804062</td>\n",
       "      <td>-0.475357</td>\n",
       "    </tr>\n",
       "    <tr>\n",
       "      <th>CNNaffinity</th>\n",
       "      <td>-0.050384</td>\n",
       "      <td>-0.084494</td>\n",
       "      <td>-0.090038</td>\n",
       "      <td>-0.297084</td>\n",
       "      <td>-0.241604</td>\n",
       "      <td>-0.203590</td>\n",
       "      <td>-0.719846</td>\n",
       "      <td>0.292460</td>\n",
       "      <td>-0.567085</td>\n",
       "      <td>0.804062</td>\n",
       "      <td>1.000000</td>\n",
       "      <td>-0.334174</td>\n",
       "    </tr>\n",
       "    <tr>\n",
       "      <th>CNNvariance</th>\n",
       "      <td>0.025814</td>\n",
       "      <td>-0.056643</td>\n",
       "      <td>-0.111960</td>\n",
       "      <td>-0.032168</td>\n",
       "      <td>-0.134573</td>\n",
       "      <td>-0.102189</td>\n",
       "      <td>0.146693</td>\n",
       "      <td>-0.295152</td>\n",
       "      <td>0.241297</td>\n",
       "      <td>-0.475357</td>\n",
       "      <td>-0.334174</td>\n",
       "      <td>1.000000</td>\n",
       "    </tr>\n",
       "  </tbody>\n",
       "</table>\n",
       "</div>"
      ],
      "text/plain": [
       "                      Kd      IC50  erk_IC50    log_Kd  log_IC50  \\\n",
       "Kd              1.000000  0.137290 -0.088274  0.567310  0.081667   \n",
       "IC50            0.137290  1.000000  0.379993  0.409676  0.405385   \n",
       "erk_IC50       -0.088274  0.379993  1.000000  0.340125  0.712639   \n",
       "log_Kd          0.567310  0.409676  0.340125  1.000000  0.685839   \n",
       "log_IC50        0.081667  0.405385  0.712639  0.685839  1.000000   \n",
       "log_erk_IC50   -0.167722  0.242495  0.734366  0.489439  0.782773   \n",
       "binding_energy  0.057558  0.053759  0.021087  0.248571  0.122564   \n",
       "uncertainty    -0.017178  0.043837  0.178889 -0.040234  0.225565   \n",
       "RMSD           -0.025133  0.004114 -0.048670  0.127425  0.034728   \n",
       "CNNscore       -0.048843 -0.018452  0.003114 -0.239114 -0.102558   \n",
       "CNNaffinity    -0.050384 -0.084494 -0.090038 -0.297084 -0.241604   \n",
       "CNNvariance     0.025814 -0.056643 -0.111960 -0.032168 -0.134573   \n",
       "\n",
       "                log_erk_IC50  binding_energy  uncertainty      RMSD  CNNscore  \\\n",
       "Kd                 -0.167722        0.057558    -0.017178 -0.025133 -0.048843   \n",
       "IC50                0.242495        0.053759     0.043837  0.004114 -0.018452   \n",
       "erk_IC50            0.734366        0.021087     0.178889 -0.048670  0.003114   \n",
       "log_Kd              0.489439        0.248571    -0.040234  0.127425 -0.239114   \n",
       "log_IC50            0.782773        0.122564     0.225565  0.034728 -0.102558   \n",
       "log_erk_IC50        1.000000        0.104046     0.180925 -0.018172 -0.056561   \n",
       "binding_energy      0.104046        1.000000    -0.446761  0.585579 -0.605980   \n",
       "uncertainty         0.180925       -0.446761     1.000000 -0.340409  0.415752   \n",
       "RMSD               -0.018172        0.585579    -0.340409  1.000000 -0.502661   \n",
       "CNNscore           -0.056561       -0.605980     0.415752 -0.502661  1.000000   \n",
       "CNNaffinity        -0.203590       -0.719846     0.292460 -0.567085  0.804062   \n",
       "CNNvariance        -0.102189        0.146693    -0.295152  0.241297 -0.475357   \n",
       "\n",
       "                CNNaffinity  CNNvariance  \n",
       "Kd                -0.050384     0.025814  \n",
       "IC50              -0.084494    -0.056643  \n",
       "erk_IC50          -0.090038    -0.111960  \n",
       "log_Kd            -0.297084    -0.032168  \n",
       "log_IC50          -0.241604    -0.134573  \n",
       "log_erk_IC50      -0.203590    -0.102189  \n",
       "binding_energy    -0.719846     0.146693  \n",
       "uncertainty        0.292460    -0.295152  \n",
       "RMSD              -0.567085     0.241297  \n",
       "CNNscore           0.804062    -0.475357  \n",
       "CNNaffinity        1.000000    -0.334174  \n",
       "CNNvariance       -0.334174     1.000000  "
      ]
     },
     "execution_count": null,
     "metadata": {},
     "output_type": "execute_result"
    }
   ],
   "source": [
    "out.corr(numeric_only=True)"
   ]
  },
  {
   "cell_type": "code",
   "execution_count": null,
   "id": "40d4434a-5d3f-4e40-8aeb-c6370fe0af08",
   "metadata": {},
   "outputs": [
    {
     "data": {
      "text/html": [
       "<div>\n",
       "<style scoped>\n",
       "    .dataframe tbody tr th:only-of-type {\n",
       "        vertical-align: middle;\n",
       "    }\n",
       "\n",
       "    .dataframe tbody tr th {\n",
       "        vertical-align: top;\n",
       "    }\n",
       "\n",
       "    .dataframe thead th {\n",
       "        text-align: right;\n",
       "    }\n",
       "</style>\n",
       "<table border=\"1\" class=\"dataframe\">\n",
       "  <thead>\n",
       "    <tr style=\"text-align: right;\">\n",
       "      <th></th>\n",
       "      <th>Kd</th>\n",
       "      <th>IC50</th>\n",
       "      <th>erk_IC50</th>\n",
       "      <th>log_Kd</th>\n",
       "      <th>log_IC50</th>\n",
       "      <th>log_erk_IC50</th>\n",
       "      <th>binding_energy</th>\n",
       "      <th>uncertainty</th>\n",
       "      <th>RMSD</th>\n",
       "      <th>CNNscore</th>\n",
       "      <th>CNNaffinity</th>\n",
       "      <th>CNNvariance</th>\n",
       "    </tr>\n",
       "  </thead>\n",
       "  <tbody>\n",
       "    <tr>\n",
       "      <th>Kd</th>\n",
       "      <td>1.000000</td>\n",
       "      <td>0.770684</td>\n",
       "      <td>0.484753</td>\n",
       "      <td>1.000000</td>\n",
       "      <td>0.770684</td>\n",
       "      <td>0.484753</td>\n",
       "      <td>0.307612</td>\n",
       "      <td>-0.041270</td>\n",
       "      <td>0.197978</td>\n",
       "      <td>-0.271837</td>\n",
       "      <td>-0.377634</td>\n",
       "      <td>-0.075319</td>\n",
       "    </tr>\n",
       "    <tr>\n",
       "      <th>IC50</th>\n",
       "      <td>0.770684</td>\n",
       "      <td>1.000000</td>\n",
       "      <td>0.821105</td>\n",
       "      <td>0.770684</td>\n",
       "      <td>1.000000</td>\n",
       "      <td>0.821105</td>\n",
       "      <td>0.214448</td>\n",
       "      <td>0.201271</td>\n",
       "      <td>0.024432</td>\n",
       "      <td>-0.102062</td>\n",
       "      <td>-0.317811</td>\n",
       "      <td>-0.171460</td>\n",
       "    </tr>\n",
       "    <tr>\n",
       "      <th>erk_IC50</th>\n",
       "      <td>0.484753</td>\n",
       "      <td>0.821105</td>\n",
       "      <td>1.000000</td>\n",
       "      <td>0.484753</td>\n",
       "      <td>0.821105</td>\n",
       "      <td>1.000000</td>\n",
       "      <td>0.148804</td>\n",
       "      <td>0.197881</td>\n",
       "      <td>-0.012566</td>\n",
       "      <td>-0.031280</td>\n",
       "      <td>-0.228966</td>\n",
       "      <td>-0.100639</td>\n",
       "    </tr>\n",
       "    <tr>\n",
       "      <th>log_Kd</th>\n",
       "      <td>1.000000</td>\n",
       "      <td>0.770684</td>\n",
       "      <td>0.484753</td>\n",
       "      <td>1.000000</td>\n",
       "      <td>0.770684</td>\n",
       "      <td>0.484753</td>\n",
       "      <td>0.307612</td>\n",
       "      <td>-0.041270</td>\n",
       "      <td>0.197978</td>\n",
       "      <td>-0.271837</td>\n",
       "      <td>-0.377634</td>\n",
       "      <td>-0.075319</td>\n",
       "    </tr>\n",
       "    <tr>\n",
       "      <th>log_IC50</th>\n",
       "      <td>0.770684</td>\n",
       "      <td>1.000000</td>\n",
       "      <td>0.821105</td>\n",
       "      <td>0.770684</td>\n",
       "      <td>1.000000</td>\n",
       "      <td>0.821105</td>\n",
       "      <td>0.214448</td>\n",
       "      <td>0.201271</td>\n",
       "      <td>0.024432</td>\n",
       "      <td>-0.102062</td>\n",
       "      <td>-0.317811</td>\n",
       "      <td>-0.171460</td>\n",
       "    </tr>\n",
       "    <tr>\n",
       "      <th>log_erk_IC50</th>\n",
       "      <td>0.484753</td>\n",
       "      <td>0.821105</td>\n",
       "      <td>1.000000</td>\n",
       "      <td>0.484753</td>\n",
       "      <td>0.821105</td>\n",
       "      <td>1.000000</td>\n",
       "      <td>0.148804</td>\n",
       "      <td>0.197881</td>\n",
       "      <td>-0.012566</td>\n",
       "      <td>-0.031280</td>\n",
       "      <td>-0.228966</td>\n",
       "      <td>-0.100639</td>\n",
       "    </tr>\n",
       "    <tr>\n",
       "      <th>binding_energy</th>\n",
       "      <td>0.307612</td>\n",
       "      <td>0.214448</td>\n",
       "      <td>0.148804</td>\n",
       "      <td>0.307612</td>\n",
       "      <td>0.214448</td>\n",
       "      <td>0.148804</td>\n",
       "      <td>1.000000</td>\n",
       "      <td>-0.318202</td>\n",
       "      <td>0.643279</td>\n",
       "      <td>-0.596055</td>\n",
       "      <td>-0.657687</td>\n",
       "      <td>0.110284</td>\n",
       "    </tr>\n",
       "    <tr>\n",
       "      <th>uncertainty</th>\n",
       "      <td>-0.041270</td>\n",
       "      <td>0.201271</td>\n",
       "      <td>0.197881</td>\n",
       "      <td>-0.041270</td>\n",
       "      <td>0.201271</td>\n",
       "      <td>0.197881</td>\n",
       "      <td>-0.318202</td>\n",
       "      <td>1.000000</td>\n",
       "      <td>-0.285817</td>\n",
       "      <td>0.383521</td>\n",
       "      <td>0.103260</td>\n",
       "      <td>-0.278986</td>\n",
       "    </tr>\n",
       "    <tr>\n",
       "      <th>RMSD</th>\n",
       "      <td>0.197978</td>\n",
       "      <td>0.024432</td>\n",
       "      <td>-0.012566</td>\n",
       "      <td>0.197978</td>\n",
       "      <td>0.024432</td>\n",
       "      <td>-0.012566</td>\n",
       "      <td>0.643279</td>\n",
       "      <td>-0.285817</td>\n",
       "      <td>1.000000</td>\n",
       "      <td>-0.608563</td>\n",
       "      <td>-0.558381</td>\n",
       "      <td>0.233253</td>\n",
       "    </tr>\n",
       "    <tr>\n",
       "      <th>CNNscore</th>\n",
       "      <td>-0.271837</td>\n",
       "      <td>-0.102062</td>\n",
       "      <td>-0.031280</td>\n",
       "      <td>-0.271837</td>\n",
       "      <td>-0.102062</td>\n",
       "      <td>-0.031280</td>\n",
       "      <td>-0.596055</td>\n",
       "      <td>0.383521</td>\n",
       "      <td>-0.608563</td>\n",
       "      <td>1.000000</td>\n",
       "      <td>0.765298</td>\n",
       "      <td>-0.483761</td>\n",
       "    </tr>\n",
       "    <tr>\n",
       "      <th>CNNaffinity</th>\n",
       "      <td>-0.377634</td>\n",
       "      <td>-0.317811</td>\n",
       "      <td>-0.228966</td>\n",
       "      <td>-0.377634</td>\n",
       "      <td>-0.317811</td>\n",
       "      <td>-0.228966</td>\n",
       "      <td>-0.657687</td>\n",
       "      <td>0.103260</td>\n",
       "      <td>-0.558381</td>\n",
       "      <td>0.765298</td>\n",
       "      <td>1.000000</td>\n",
       "      <td>-0.251215</td>\n",
       "    </tr>\n",
       "    <tr>\n",
       "      <th>CNNvariance</th>\n",
       "      <td>-0.075319</td>\n",
       "      <td>-0.171460</td>\n",
       "      <td>-0.100639</td>\n",
       "      <td>-0.075319</td>\n",
       "      <td>-0.171460</td>\n",
       "      <td>-0.100639</td>\n",
       "      <td>0.110284</td>\n",
       "      <td>-0.278986</td>\n",
       "      <td>0.233253</td>\n",
       "      <td>-0.483761</td>\n",
       "      <td>-0.251215</td>\n",
       "      <td>1.000000</td>\n",
       "    </tr>\n",
       "  </tbody>\n",
       "</table>\n",
       "</div>"
      ],
      "text/plain": [
       "                      Kd      IC50  erk_IC50    log_Kd  log_IC50  \\\n",
       "Kd              1.000000  0.770684  0.484753  1.000000  0.770684   \n",
       "IC50            0.770684  1.000000  0.821105  0.770684  1.000000   \n",
       "erk_IC50        0.484753  0.821105  1.000000  0.484753  0.821105   \n",
       "log_Kd          1.000000  0.770684  0.484753  1.000000  0.770684   \n",
       "log_IC50        0.770684  1.000000  0.821105  0.770684  1.000000   \n",
       "log_erk_IC50    0.484753  0.821105  1.000000  0.484753  0.821105   \n",
       "binding_energy  0.307612  0.214448  0.148804  0.307612  0.214448   \n",
       "uncertainty    -0.041270  0.201271  0.197881 -0.041270  0.201271   \n",
       "RMSD            0.197978  0.024432 -0.012566  0.197978  0.024432   \n",
       "CNNscore       -0.271837 -0.102062 -0.031280 -0.271837 -0.102062   \n",
       "CNNaffinity    -0.377634 -0.317811 -0.228966 -0.377634 -0.317811   \n",
       "CNNvariance    -0.075319 -0.171460 -0.100639 -0.075319 -0.171460   \n",
       "\n",
       "                log_erk_IC50  binding_energy  uncertainty      RMSD  CNNscore  \\\n",
       "Kd                  0.484753        0.307612    -0.041270  0.197978 -0.271837   \n",
       "IC50                0.821105        0.214448     0.201271  0.024432 -0.102062   \n",
       "erk_IC50            1.000000        0.148804     0.197881 -0.012566 -0.031280   \n",
       "log_Kd              0.484753        0.307612    -0.041270  0.197978 -0.271837   \n",
       "log_IC50            0.821105        0.214448     0.201271  0.024432 -0.102062   \n",
       "log_erk_IC50        1.000000        0.148804     0.197881 -0.012566 -0.031280   \n",
       "binding_energy      0.148804        1.000000    -0.318202  0.643279 -0.596055   \n",
       "uncertainty         0.197881       -0.318202     1.000000 -0.285817  0.383521   \n",
       "RMSD               -0.012566        0.643279    -0.285817  1.000000 -0.608563   \n",
       "CNNscore           -0.031280       -0.596055     0.383521 -0.608563  1.000000   \n",
       "CNNaffinity        -0.228966       -0.657687     0.103260 -0.558381  0.765298   \n",
       "CNNvariance        -0.100639        0.110284    -0.278986  0.233253 -0.483761   \n",
       "\n",
       "                CNNaffinity  CNNvariance  \n",
       "Kd                -0.377634    -0.075319  \n",
       "IC50              -0.317811    -0.171460  \n",
       "erk_IC50          -0.228966    -0.100639  \n",
       "log_Kd            -0.377634    -0.075319  \n",
       "log_IC50          -0.317811    -0.171460  \n",
       "log_erk_IC50      -0.228966    -0.100639  \n",
       "binding_energy    -0.657687     0.110284  \n",
       "uncertainty        0.103260    -0.278986  \n",
       "RMSD              -0.558381     0.233253  \n",
       "CNNscore           0.765298    -0.483761  \n",
       "CNNaffinity        1.000000    -0.251215  \n",
       "CNNvariance       -0.251215     1.000000  "
      ]
     },
     "execution_count": null,
     "metadata": {},
     "output_type": "execute_result"
    }
   ],
   "source": [
    "out.corr('spearman',numeric_only=True)"
   ]
  },
  {
   "cell_type": "code",
   "execution_count": null,
   "id": "541d8959-e380-496e-8e06-73499ecd261a",
   "metadata": {},
   "outputs": [
    {
     "data": {
      "text/html": [
       "<div>\n",
       "<style scoped>\n",
       "    .dataframe tbody tr th:only-of-type {\n",
       "        vertical-align: middle;\n",
       "    }\n",
       "\n",
       "    .dataframe tbody tr th {\n",
       "        vertical-align: top;\n",
       "    }\n",
       "\n",
       "    .dataframe thead th {\n",
       "        text-align: right;\n",
       "    }\n",
       "</style>\n",
       "<table border=\"1\" class=\"dataframe\">\n",
       "  <thead>\n",
       "    <tr style=\"text-align: right;\">\n",
       "      <th></th>\n",
       "      <th>Kd</th>\n",
       "      <th>IC50</th>\n",
       "      <th>erk_IC50</th>\n",
       "      <th>binding_energy</th>\n",
       "      <th>uncertainty</th>\n",
       "      <th>RMSD</th>\n",
       "      <th>CNNscore</th>\n",
       "      <th>CNNaffinity</th>\n",
       "      <th>CNNvariance</th>\n",
       "    </tr>\n",
       "  </thead>\n",
       "  <tbody>\n",
       "    <tr>\n",
       "      <th>Kd</th>\n",
       "      <td>1.000000</td>\n",
       "      <td>0.770684</td>\n",
       "      <td>0.484753</td>\n",
       "      <td>0.307595</td>\n",
       "      <td>-0.041586</td>\n",
       "      <td>0.198397</td>\n",
       "      <td>-0.318074</td>\n",
       "      <td>-0.343751</td>\n",
       "      <td>0.173958</td>\n",
       "    </tr>\n",
       "    <tr>\n",
       "      <th>IC50</th>\n",
       "      <td>0.770684</td>\n",
       "      <td>1.000000</td>\n",
       "      <td>0.821105</td>\n",
       "      <td>0.214860</td>\n",
       "      <td>0.201848</td>\n",
       "      <td>0.019858</td>\n",
       "      <td>-0.164505</td>\n",
       "      <td>-0.355147</td>\n",
       "      <td>0.205119</td>\n",
       "    </tr>\n",
       "    <tr>\n",
       "      <th>erk_IC50</th>\n",
       "      <td>0.484753</td>\n",
       "      <td>0.821105</td>\n",
       "      <td>1.000000</td>\n",
       "      <td>0.150561</td>\n",
       "      <td>0.201548</td>\n",
       "      <td>-0.023826</td>\n",
       "      <td>-0.118687</td>\n",
       "      <td>-0.287123</td>\n",
       "      <td>0.202999</td>\n",
       "    </tr>\n",
       "    <tr>\n",
       "      <th>binding_energy</th>\n",
       "      <td>0.307595</td>\n",
       "      <td>0.214860</td>\n",
       "      <td>0.150561</td>\n",
       "      <td>1.000000</td>\n",
       "      <td>-0.317127</td>\n",
       "      <td>0.642633</td>\n",
       "      <td>-0.723730</td>\n",
       "      <td>-0.723106</td>\n",
       "      <td>0.457403</td>\n",
       "    </tr>\n",
       "    <tr>\n",
       "      <th>uncertainty</th>\n",
       "      <td>-0.041586</td>\n",
       "      <td>0.201848</td>\n",
       "      <td>0.201548</td>\n",
       "      <td>-0.317127</td>\n",
       "      <td>1.000000</td>\n",
       "      <td>-0.290202</td>\n",
       "      <td>0.329470</td>\n",
       "      <td>0.111949</td>\n",
       "      <td>-0.021203</td>\n",
       "    </tr>\n",
       "    <tr>\n",
       "      <th>RMSD</th>\n",
       "      <td>0.198397</td>\n",
       "      <td>0.019858</td>\n",
       "      <td>-0.023826</td>\n",
       "      <td>0.642633</td>\n",
       "      <td>-0.290202</td>\n",
       "      <td>1.000000</td>\n",
       "      <td>-0.664650</td>\n",
       "      <td>-0.442909</td>\n",
       "      <td>0.441766</td>\n",
       "    </tr>\n",
       "    <tr>\n",
       "      <th>CNNscore</th>\n",
       "      <td>-0.318074</td>\n",
       "      <td>-0.164505</td>\n",
       "      <td>-0.118687</td>\n",
       "      <td>-0.723730</td>\n",
       "      <td>0.329470</td>\n",
       "      <td>-0.664650</td>\n",
       "      <td>1.000000</td>\n",
       "      <td>0.635484</td>\n",
       "      <td>-0.412043</td>\n",
       "    </tr>\n",
       "    <tr>\n",
       "      <th>CNNaffinity</th>\n",
       "      <td>-0.343751</td>\n",
       "      <td>-0.355147</td>\n",
       "      <td>-0.287123</td>\n",
       "      <td>-0.723106</td>\n",
       "      <td>0.111949</td>\n",
       "      <td>-0.442909</td>\n",
       "      <td>0.635484</td>\n",
       "      <td>1.000000</td>\n",
       "      <td>-0.269412</td>\n",
       "    </tr>\n",
       "    <tr>\n",
       "      <th>CNNvariance</th>\n",
       "      <td>0.173958</td>\n",
       "      <td>0.205119</td>\n",
       "      <td>0.202999</td>\n",
       "      <td>0.457403</td>\n",
       "      <td>-0.021203</td>\n",
       "      <td>0.441766</td>\n",
       "      <td>-0.412043</td>\n",
